43.8
-5775837.26552752692788115397
62742
-163
4864932.3692564192777332221541
20
-85948800910326639144799513047.23770756505304685
-694174672
5995054212
-21068542064867106307772822908872607851877056940
-8605494820892109
-308946702.49
11
67325518991988.319965019705229450674506584509995803
-465343275736329568669836823966529392496119841108
-537696314790768.765658475822
-927626498801533510361046989332169742750
-91139.727
-284082204665929
-77769765
-4377696053583874084894825
-4
-18561257465464884900397979425596620.174
900460120687557862423657856806303032893698
2577740839560021507860396539.3
77138793649860396060066087953765
6927147
87.84789857547804638634657726864392437792233
-9160397745038934704185670311994955677308416
-8484900279080647664096
-2645782867092040581890
8873226277309589853295
485213396263
-8059302976997555680253190990.965193323385241351158
8500460466066465290658.72772654909426533661
55133051506291397685721727362490606.50
-548511578795649456705191274076896995104
-2
-7797821873058
8986751270895810210023031.00878689
-237959
9668381182441234640826932888671573646
-6102287801231956159166613245
497262138241394198857598062498246216245009842
21787269518096792464897404770733
2796545894
-202377601380470.7623481542930612
-9453579687088741769476687203956516591.54
96.4893062880020121521
9414768238747033014.9053279134606548
-89464247291630192
-30905214298.77224729750
-52174834398235831178206771.714957415531
-9.81411617
43337800
3
-2763816.581917749863779636061728052531503505
-88041473621817018332873908376591
-484478.009651404
-582419845357733512973636442078743.3610631897
90803143399129908786909533220011454
-89334190.948
-3598976434.26
2
9221893260379689732063798362428419071275505
-4422711355891366644320351682426
-173.0280898506526688
58089905252166928714932741979144302032455512
975257354306611599104
-6926248.9
1152949695208123998688380216456793674
-9.479
8631158
3.201
655471
-97933746345255859312807238631410126881026
729994
-2.72
-69.0193088814
-905161402
2
89.9767024
294890294196362196568946853881072752633.3
-5842
953879852186749124526816069
-248597322196556196243878406788082752711
-972750731
-75509948321
84.79567834493153979424246250173607482576
-523749190500268065848414975362273298234232697
453290
3464687834747555
-4376520570391471314607063209070482709
-8113.950
510.97876
625.923456348
9470137471946725113913122647425021
86528553264486.558412
8193.67
-88380939.9075013171404263388823
-7727960256656195705998710042582768067999
-800052558660105802660440409160414565
-48003374.9609517
-5827292552033715231036251858043141417
-29221.897055029853250
83547775.9176758854896
1010031233581992897543524259430667
-228573475381
-61091318871956118936027535472
3
2869047273315733312496262600813866932208696353489
-3
221330360509398064974379087588
-919587370353876050714631.41094505
9032805165768338301.20731757
-26890187822
977226615.2160550480543279
283230661656229844639050805628341152
509024581
957289580596975243185341653829090.7
930729760799272129014984541503647
365888225625583519936330
7966391506091709905441957093448
-4
-88263.44140811593465217164664534339860877521347965
-366329720158928814783026331427142156238842012080
16717416995343508805476405
-378.45880149336160146
-1915484831
-47551725419
176700912079440530841763154246491600792132286016
-49476517.3165098694820772
-7585152226671134.1710409648321
-1103779763748544433068127322332656753462421230
7727857287694439338093853352987
48123800722327.770889835807
2952009163412371486461687352932459341872959749
-250732110.3287571946
1876431351
-61255199713954961983761239.2304
9.3453528356576
-209242653625873934583289846939499509654672403
8998533750939896.194109001
-3008.837755323
-464123540007.5635862418367560566
-2855447769965687356.30191858868970612322942
-360386657595486651502775736826328507668
-73.215
4537395506.82547586372248836
449587039022787
-49804912617419535997
451077690985218473049531691443974192578054020
429.12582839677323412127118901674145439
-86562.787
-4358003920.1
23116062346722
-4534567267409618023
680505010.18602
7
155516574847233079284351010775417657626
2978362583467494918703567332350042733358419338109
667892859747434.3515
-651638660310656243989871648108002856399270
1330239713818550939137.160820459
6075004986
29004367402105133758707509543319774.64389530614868
-754.111038440802769769282206326669
3981437676716512659216863402328138202587319
-63495335833.94084217527452928
31771541789500683
61889579951709056.19544094411199725566
639
9591011775501343518858165465.6147086
963382909449385990889157989256351
-1914387839.316256
557465837122901955884817767
9373867024766444052469094560282669300.0
669690760411126509
-9.095
108322485685900523140124.9
-107.80190701
-29780.709
2315173.05
64327089576
-820.864034693756
979060355607057.72116099853603108603
-51226668827684
27
-52486751174473330088192950
-628
-308169924448833362139732693423175.8717544016
39907917086111152.120362657310525079
-8151343916
-794212519313922606260623061977691590396048982847
4328275352261770173903135
960
18307944254909673774769212352775043
829878393537297.3720868407
308995925205375231698252529827478.692821888
-7584307021406.7832930586852356374553534
-7166.9
-904243444.59456837186
-4665913802693273690074.718293824759844
-519166.68122783007
-96738212575581
-23.400242123813393
5373810012237
832071787
-415730692128237056405939.50812605548596231314356552
2
-12353214102428040.45708396392384147856
5718746735252010137340449
642097750375925.612795830
93734507077794107060
67487276331635349
76160474717499250726018467.587
5729686350918519547817.5543607338
-3347162662650
2.957324768902910
2886368511699
29328561886872388424.461127219015763113099990
106501
-688144160042666361838813964583222253756863869587
-1
7113173125.668145310958
-9227297031292190950962771
-26457.13081043320577440551672
124348341286946001680189.7048192073367
26210575841139752570549.54029599626505501
-26690303825432326027564590783208302134601624960416
-241669207601126755940
-586127714486482166582376655787
-69.77059424653011436
19228235460339141308800710727010938008
-78112996941613182000159774795826618974546192644670
27.645064088
-6932094452603674666507.92276
727932855807737076571
76.92422
1973782183064945137129603969135213155322638
960.6084069524
-85672658816
-659185623781.823
16.209
55477595479235941.2453656513417781451
84840.929080
384138.199235364740950212945951450
146577550056.69770951574
-9128930
452930742737089626572819387104981
-540448336983596357001936437
-7745672147834747708835804684436652890533124591
-427629632462366359252529911
-512781005
42470767593772840238546975.87463426490592232610
-7175563419543870772843227589323874165675.0345626
-974831791102.0048091665
-7704738.0172164505
44580203832688
20947751074340128305860070454137691481
814740443527569426760637870500187831905
7305479389642997806225605663480821517
-3
94079925259515786894081860
449307417670926514754884457674365831523926.0759329
219984377952130813819051439258410611240683
-636220388797235634240790713991.561940
1623098313381668
7
-3409062026993993630628809234289922976
-82912223460513314828337299585894895
109812165301039770287224597148505189655688
2212142
8371557054439171038189017382665599.94
-9.440
7045843873079184775674.531
-55296390838.00104164096663656265391508
28893832231267941768
-687238523333147282793
784899071007231921
139300459
-3722249
89629.6891475
-111161481130603.32119870
-5657351871021253882348296.7362423468280
-37949.862735283
1082885689628086163565349626508962597559979039
-4516087806585076246034
501577182
-70136926429
-11720.143
86953079801866662670994657013772011544316374638788
820273987282154648.330156790711337913501154999
26980826379069560202070484851159093
-7571473858599464623331657411716120007
5229361467037302747378042365594915709404022
827656881977368146741619883
345903503407431808244701222383690626684
-5
561899719639028818435163946007953
939874954831401190192132494624730544233752
-50.133477184934123908158864390959
-6917
-2689507387578150796
-1851739868075593071650101062557625741.8542774588491
-7499597191969582659926
9
478
67943199809846323598960423315346604831803022948185
60113476170061911981473.90662
-133739504260836348693540923419132551
31877810980449253177287.51211
7721744331298705996.07
268563048559320571672843840704123
5.411708716802995515441097469874615611465900
-37602664125.36099350413498
228.25468099108
-837875971326662304901750
-77734983019046604359439807883
19.031896396345
-302415609045403083294127
1.819
7447006211328002781663765633529636.89651005
-6426737.0734262014013651342525
-9114573.01036344732542467210814559980006791
9731715168870253620
-34920371400.12759656496476
-41785831887309104193683114583428891122724730129
-9.689338
6099021876223573.195734101896071455
-3172192962055758363277967886076.2865684344204475016
-830385653351.983883
-8499724894847041
69302995370200
415177944491638473209.0353112048377
6.31403306186
-564034255106
26758233845513290339794339
-3012348119031549528534779413
-8785456003669763205789704944770161881
774528094134602933737558315238869371181760
702882.7000281777
357791493206834
-743998527848.7744
428784221373.318833322155104
8
3
-1934030390179347
-3123063461417886531817476268680194
334619698673616127877137134810866422389090
-346699102642463099720.783780598
91308500585105217766992681398260
-610276
591747280912940413190166571242520461972761667228
-4149318670155416558369552215.1268123722277509214
-637587527920320044939351
-6298103386342138325249652478827.0323649793
600
384
762446913583
-6567046898548680020984166317
71.817103
-11997686.4
-11267358360
-21844153.082582519159412869355968820758042672237
-2364259347853023039479148126876946944728804
1335243151766.052012941766181685619
5225552.1889425
15160672.42385478603444185592927905344
1586012797.7107514371571014336275466572335846717793
-34455701546938865661386334.546502771163042956382
-61587016094089
-720603428215384817496
-33.741
905031874343879347061484748506770204890
7519710593136674033854061206.647450151860
-31128956335045963694099996
-8246
96926971807201729637765228266525718
-534231750.3287719415786420490119682377848490642
6813753146731861342197834
493607189983852.0545105644097191102696
-9
903744084297987626174193193097623250593294.989
44675.10072607527495109167044289
4786079429
4776063
847114273278913657963
8.687942
897677398873181695900
713999154254423547062844782400746976602586
92333.4030101511414053223293068479294509
329
-43070101023198887177028507
-6828495299269407614016232492000.3137256728385
330162071948783247114785274949929893664887.52
18594565792768479.8558122368057
-3159.69481
-330037369169104142545710648506533779648.4196
-1018699284291933096925766019947232234161460
66976205105122971407582927162891531137
292221700850167179
2329110670632
-78880995301461992402.1283118146198510058420508291
4200.59286323359453452563387180598312591429860502
-475166546770775645178217796829992992300
-2296623485212267252889612668759
-835569624931.53617
-845029.8023667473716122252021341
-8709.88815
-59578309
-927657663758652684650746376922519527
-37750712566941884063
552160746635125027305150900353429435665355091119
84353021677277060355264992638096.58
-162690783
6267470796389749628.438701850469
61979441411531444872935494192269759
-453
-39078215848689647014188496645614.457191
-523235201909104428729884799289
-6.331610052183
99291431875945518599118
-9102553085026920571315615745008012209661534195
2233486539293284252
-3
-52895952740007773136590091535
48786110530609.15732344352373
-79017443337321828607
-704387342369985883368466224303641073695699
169
-5.99
-50455802147425052445923500933527
3935980834556.229753647907289899
8163514734026045618848642451726266137544935691.2
313577926686600745147025.4423840685077364004935099
-7290829484233709810634066502
-5826141585909665827475102827876936090325989071196
38730872578288679660979749291953
8029
69.249603969785391902
-56868058751234.6213
641342937404006670181056112258
-2458430503285366408096784476.54564
-4859
-715510351192893208874014354413
911658033589604758.66289860382699733354311400180634
-917236860900447
-6209.3600225256369
9656885152282.047
24.47737955082314899201009988
9066839532459350385172
-2269982467923532279628032574631746848114
708335024597830999342452640.908
-80662210122646
85223109843860966956946917523175657764
-89361431054
-14275431.1001793983381412806198611
-36062.1754307552747239143823890670025317864367144
-73478722038295329451366120932937965540840350761228
39682437204869100620979882175
99775500228639905
80132.0
7179358667805.485480
1
1976063484954834967393659375675181139612
74.5
762830499594489167060.9
-682097426115.11209177551024577
-77385.6415687643341553626917084432
2756447618.54857757198383
6048390776.047100556588130
-218914.20288598476271070638535
26050227904662833
-436296020251738061173012303776188
78641824067499623137638.734
-23219463152303082180109221726
-655084867848748268070058644372267863
3721293294951363210751673080962
1.40
-870924605124223
-982614577438782511815311763669999166428302692
1239014365325075525632334192427
-16852591066054538430.020480622561358521
99882301241.626688222614694859559482
578106315802594009
-6405.1879968535610730065564763716
-517632.7389971
86.3675
-143262557094211772
-14565233.080836876623698115716
4521305959019000672335397925488
-1852317783998.609848639744519232218
4691834398.788161951745837
-9928209097852595160348136631890296
-778185800340146641.17614576892323658895475555690723
-9.376932
9.76
-275327271.6
5138350950955866621641004647863168877
-206989929661353185490847814862576807
-9961980200295
8.52
-367913432826.3901389745930443935065437615765760623
345363068796116882728079522006906316608702
-23396494788
1505540720796651441954812091594311134869
75892101963280020809831461695.57729122442456045944
-2026974.696319
-43209417
7220
5835048898496635.23443272396
-710922112851360220700232972132954417252
-2.5
972023617021123653616905612334243
-9385554491671120.3371947856796700457329189475649
-97452178033849578826315983017010
-86778858720331528650.130387955
58995882545044056
-41794.8553448386354678353
-526734267837158
228027469.4
82.0538328109061626479
4054064449004240990958262614421872964733
32944635.292
-33.99792478326369330719414327616858446192433301551
49314637698195485169013548867984276217985
-16615127969218897377489475705495
-449562959014055
22012001482
614631612803514807978899996449752286712710.77556
14031989426658584211267223.90
537527725893834029873846609565079198423
461708429529235089211424036909645781177
-8296115434250300902751685697605342820277540130123
956509993053468006333279
92843388.2836633207274017800549889672
636186848219234.25263616
1836217641511848379968092657.05809373461
-124737736.15821
7439074161480698488830
30237988098958204432009213542784863887212473160586
5873726830608086372
-951912663292
-71133370849902589455947559544557720138
-143371582284472728009148
-9533891416636259518122
8486332845789985
-8604.73
-11453.8140625272251
174951789.56952083662
-37595
213164748309647967387900.97692908971
-533152689913314579.399731
-8
-26945535977268900612784846464204420979772194288808
54200709559147
-354.299
-114525747428
-2590751607448658354
38831997237203.2022
26.481
-57470047
64.75406865152
9044798062127489455217989764893
1735313748276750810438415375531961
58683361518499429456864795918.81631753801358936
-4660754072987
-55228046101265954233330273338249
-2416034373810023725167049594975925264549260056
-100602868540669481398481548
-353580173192794159079112847
-13349098253
178.61288946
-457968797164129452230369930667073.79876120631368609
-7055204986836661448638409
-3025587864690583626329688746050042730490157183768
623322657602225168680082694528627690943605899488
24597
-9354.9308148645
-282025941.4115768225590890347932934193
611671839857519
41408202434225315009970273782453397
6517897026474594404640242974469567
3905398086143503707706932.07729
-936329964160760638236137366201130865332142833418
85930553106470192.456622933174957377
-795686051.2582
3
3631121964.861658201192239993933566408759007
-7.3925
4161
6258723457765.71657877970
-7711310705357655943773019614473
-5405047100710423142600682561793629162473850750605
-5886
-23
-6605121008598378.596472657
-1543681971468669407
-5365967187423462967388
-3043149759066390623.687
5212568267364840197456526983507484177
-9073327361307215
1478791.58949542989049412608065636473568346
-886868538157878911947001987653524410.3490
1327115673195441917429953.842686714972460167
62610824535184085860304426038192216628134139316260
-116295131231348705160415728
68908961057851993704080412932678506573309784
-178358.6
-771797295359.65560700678610
-91815258977.59884443763288
1.16
-932475528244.229833838677
-120333847241982268581308083648.98693219
-910760.44940018960806
7.2
55913865100725271531883629
3341952777889818471
-72300457080609800553682882
-5
-147570192913
20778369.37155996559318864449777679407
-8.4
-74799999574.452157770881145998247892617061
249444771.36863499
42398192507975410455005
-416148913582729347462092181821032
6643953884094356315852409109824397
-28649320041499748881887169946364654
5425465878472.22
-196975895237859522843606461466274
-982.58296063059885600867046761451
-194711004743456588336274851637629
388988683272515557.8551574930
759887137302712416570009897135522576566593821334.3
374.75158440999039715178662678927910363976460
8660036189466
-2077163947184659872497721.672899285142331810698
78.716231844254640002544758227974260897101875616042
692842897784204951936421420
885837226244715633447
24211558519527476319155834166871.052376477194294
-938117503405
-936204634.923570130356928348705
1520208530352172943.20
-240025.82
6510151271748.691
-110038492409265471967358992905
9.4
-38150888009410712670468550.34
76
19502.7119204808503
3761204701093826.844
-3462
4
-727121045854936032233626.732129057789369125787513
-896.769
-7752150824837838511856462792762240837
4979.192571077852740303390259062648135392
995554375114679
214864696908294355126
-694860462130849297743746
97670854963.6994014760356854424639939
3917149088794
-6.850589690322249364
-27149488
-75362.09790969350311
586237245322895128195729617260700740768.04828582
-5707974371.496
529
-5509392700.918956388582827475355
-4241279827735173110801208814
-15406685023299922379730883832745796625266
4916175887069912569165420174.68074960714622388988
76140
-9
2310132493231594921320504702957086647109563606
-688
-74138839.56503036077888834
30507939305884322003519743834
6604772858950082388227917101956938173.585299
72444257670846345474120642521881688396746200.50052
18079482323545485038389446
-1009.04
-6808401100370157555882801874.326564594298375
9.3
1648639929.846624
5478867667652419.12066001478928530248013014692
13409610744894424622731065932.96
-590
39298873421643.203832120531403330750878190971
-11.3
-679411
78407680067218202295617921707759
7975536874231007926657205939399987179206305
9584457316525060340147.04
84
-60326586.10344816
-941012670336362294378421895562578
8181370288455721173870076073717479883
9825.57
5115322727475478690569904122080750794422237468
-668158.26187
-613028582237850777395
4840276738.865
-820248790980474287090206136990495
24976258915410496730271236365.8788017
-4006546540.6708524514153760287889791262433287972
-396911.820535153368392
432623
72417418582136878397065249935437675
-8277.439800521
-22233774327.3
-415070370411181891344.3278408581850862810220
-15514467837227439694100797107409526061916
25214586242222645601933160679887
1663333165790908177901
-3143500871
-1
-607478311321542397349732422273326015988
-1404534447
-3889417683502123488.46652042711697732
-20
-2271026441089957760878440736098
299271692833610901.51730029813
-2
-237728386123796990216143.368
979793290255598676818635045175869603156754558160
749569499
58815.863521
121
839543590398643345160
5374574131195462
-83926.13543
-10529441772484394957
8
406752668910352141100.2507703751
4661637375654777847
-11368928155829392810123403645315283329661211
53838092328475633619082293716
318918748968076818636635108
73.6
-4822.0592665656557379326558628406605
1048412586058855982262515281.126475
20
-366564708815147977022389.2536989521424904
-3637168315.579892787932066458
9821851576642652510065985014305979101429338931
639341919420867678357031587744206704105498.12
-53088131372317718010678958091222852057544397
10427467095696110226940436978833549487722
97358614950729110.66521902966577973988510
-2316306713706185799510135502163258014878.77218
-203
59254450969025440899004727811521950.31151
-3919460534894257533534
-286175702604819006827311123465002949535190204
-580104092452947250313658.715182536167
319596362595979575
621337433194331870804535
54069137464647.09989434349098895792821
-77.1137837275076
801
-3277001858158.358798998046
73
4832078894482251040974373173325350572045543105
24200726180785153952018332163729730
6023369265269457970722
-73874234503.5758400415758404157180
-2095801518752785158170106470792516
9778611500696448349636536238983016256898
-138.433769808454860767389959148370224135831824
-8995531698564503799640185262875543356499601666254
-431164923953.7
16123873455498713854144594550192664
6807067969502087309763592685524132
790486.946349
9484385309085323377277376740184997935808
-516616
-32434433342853111759703824.71
-7095714344876.32014666481321257879499245001697651
-167652852496774093078950924587
96
84148
13801042014495801326467704669389245
40168552390.371252527
-86305322670452371265063347845186174378972
-603.4131578
-7324.61414857
-49967312675257653.969344746908101760
-80064823061568277272862535627727611800507930
-892545146020457930888116200411698611315930644
44.002626968088925
-1552436169190696389740.662242401538737364
9332191970.5712082250430917924444641148547534
912058740547715
92662901550939597572380097318872
-854996171443215295655593068114936531364448.1891
63.91048
851771786601205325446217269620576820149842
-2465624850532
-50243042954734648072910216064474416558291410
-5890412662334284071350.2
-62243242645850663
7844.7
-2450483001466.5383660
38750775999879327983683.39
-922243745807514158
-7181002381.17154949
-55522034
457537629790970261473648078932892988128
-15034811526923037757.0929
89.4468249194
527.5
-54179890123762836295045341.961
-4609000.431564
-648336217409803498534083779156
99529664852.0
8.9197504863381548160652062537611063438572864845258
4
-68091634670666895
3543302634278546079742925244
-57765978692937133167021
-5.16476654
-390757.3
34593161929664643768602864427274760291706709953789
-8114442603554520131.8951178714503040010072600
-56
-592122758358993959
-221544615973671336967325750041698820
14250752201011306251
2231951612160384436108548
87010030430619058733311515097567319289990163
-20795277753255340395782651373963320248035674
-406.20089933187329930155007187367
988528646135771862287656490
262774921585744473779925560269619328.4054
6.0
-50684256302615590750142814303476286380365169567
2.2272277124387660181
-3268885672381291003071304689567613
3818736575039123570441596705.4412715010
6540384221396012257869823795430712466773.4
1
7810434686321889826
75.8212245747986575649232295343752261848982
3564623133245106188029
-952907777683942869533751963264510
31425.9860543
88.786105200285312480421797111967280258734573
1043978.24606
666126639021959502457252283998413999
-63481049057233126591878812
-14728116239179368507418423775710782487270382654732
-5495579180113570534868826021.925799023622
-63.38829
93984
88014424
-74010019774747069039744945853286302794131
-7795017150026925533471161671.25080150420114436
1988.505450076924656
-51469138053576409468842690694700488605361725
59407353406565393888612809348445610872
-77676380.774
67976676924989769249577943574390996740273.9
-951001976117085302.23
-87191721211946560416457758320296014623804
702279598362098317
-490.288127316541
90159442262052286
2701337088256350691.577371641918901480716134029
-762304737124358250659939771342.05420372505
-7842
-571218452163341076580356523330817
6465734520035.7
1
781082785167872422522423322233651
-969525399266321738241447307409353245088867952834
64693643484
-1
4955083.8686849093093839339416551806382
489.090149033512
-36577723533925942305554104801547691
-4032.5544313430474189127224
814730088408061325
-54566.285134055808
-4
-58402719585451264921185914516556470542
578145928941923039444.472164
-623295554817634297143470238960
-319848.6620585579
-18976421965654482
-99508322
620176
-90051501416817709.413394
64053.15248235159976523217469655
-5843008140619757719969727694993680896640611507197
-9371175456789
205252.667517401966218602944771853562814503171
384908879317034418002478.1
2522
-880810676708038.188835672892
-59534589139460849966252941770178343105259236744
-6917331126609559294317088564
261980011596511.3131924807262226785652
6
289856856250463988837966043165325683.6911039229
-775
-9425518936291509377.00100196799289920222204
239694572219551324877829425564624
-2.4
-28840256304500553176397857303078777687.639
-2400804.1377375706707331
-80629233086407330903031441005917034557459261088886
-636265
1071773947539
962.19211
-703914450952256983824059752760688233
-7245392.33072468
16012803854407869806
459270.0110576
-5
-5679.22
-7465322893880339480893577791
-77663655901710440564220335854561258884295435016256
-55921384360.592455306901032951556179351871959
-818.30495
1895105727.4960936147609862510906198160659766
-3093047390653898256.9286811899187
-3508664931.24137096501255156837466
-528733419592.2338185
59732.0827519633353
156.0343654094690449572939596258081
-414860800931007791591939761290748
5633747181802552123493291120501569355750180547568
-5541452191054961323640030581.8677146597969579
-455311850543585159281419841245647510137555436
-6246905472815154430853906236708270.1586982730
6868
96729232671542.4018889777677
-8646447382526915815
-982050398889.3143993626626159319156699114552385554
-334429422712173133393630690738544989360462561
914282030730673.7909687784836582050908987331733712
9606481848583906200376396349506415465692248
49407878256963877074342270207257346
60671.616892642566671215150774124
-6689121244686815926027511945804972090138830
297588700677
1888764427865627757592
397378.605
894987031964
6
-7.995389498079313859
31873137476256049873106741612957809627358516
-17367656224462907505290809084688
6956279859502456113833790638470102342899
-17034713495
-35994559912
-35347
-777972573.9389101970895596705902800
-943369923853374813807623.41049021173
-6806.531128535849644056
458780896276705479907134299200329210647651280747
-6454593236866979016370999297
6404696171529573.0387746663
45707197423575847469735034172039879810
-882180387371.397722054795822834
-56736852954898364574774684419
959007758009818725347119032288157
952081.77094968445885088
-33826332871523569456372.2622671915609103493625
280970345004142.9
71332154463714790412284734285
4092562320269051285960967.19182964
-985337312926185
796614597111538539982
68485.25296
825040408083743100927048815429326
-86902568227763716798160721416
7631939371171100276841206857189779739558955407611
4384910943809988560198731956682180173696
-6521927876198219095928868873830843
-88382580850878
1.44633833448324283
-8
848
-385800441827292706679790047171279338047223869
326138380143999853024410793481
-1127691293908
-910821845832359740245253467035051518505433020
-775408546737472748
-490943653023442746093880793.5044718005155838573247
-98282.25
-68029542243415
-9150853864091763576510778482651294.8091682073386882
15270774188965994860160366090
6598920458305196475610593365779940382269123482
-2468909018
132081.821645892
5704738362.324817504962001719630134648
-462755.679257
352066365689076605.5499714101243
-7.539525968888596815779794265582870871344828
-3342229301577265626212359319899013687573110
-384271.815300710190234014358239903980061036
5930457415480406143710311966.46829756961598499635
-8009571726355584116800450423324966
397796604975921.6
1290342065484350596437613540346
78091.530773
-72638238847141642803311279047
76.352116769352520780382511
-99158115768138
-81912871.8943746681872819096655113051
8.18
-538599
-373278305514334
-22815591
-12250271707873939818211877145258934432135285853314
-691325217754708120530785704423481074.8
-3375079429672497500648961160.33297
507
1510718663.9875
-68105202157950736573439723640193
-46302663460034
7733048268169966280849
92.2
4035497814983491593986699
-56543.80086942
-686472388729046268679
44390192057102.323487
-173326483083991126.020
-618389394391253445552485206174175261
-5536603306807396042213
1845400789705791415885870191493494
42335117395452324951060906615556523058312
3.9541657
-58979166
2019501694434.8
48976343698257715546.7409656869822887175132
97004894222605315813
69296426682856996120359907372
-2950424668871.85
34010856441530580246514894433140759093.1938289133
794651292383888945716284307687337
-58171436713418235283309161535964827866499543
9.982359300
36014588208319848460.10996218081744877033
-6405114484931597383101792782356002419886.57
-68949824297688546162138453410947037638689328722345
-605875606894374404231154633956174815289572534
60280240157797
-74938876630846306266190024243991703749
-314445896934433832637215500702839953950
974053286822
6003494429935402
7.49
460125599149241533
80216.3637
-87625711139918234300748815058078718807852250
-25397170056925421004087501117957721290
-4107218440691845532414
-78705351721502347086879001727394117
4249734
71471963868985.54718484
-88239.506161543448926732
-38175
-1144459575354981054565907922
9.9
-913069486701237239473868590492654910984
-645416283815047376502672272976420844200490
1874512669695004840
4802346323441455069803750544989501
-791440.050932998906725645601
7132730682177.776616440
-4673614572113014773967473700152754.63926016
7485437067091276990661.5
203721693
-24152774377.6010819186340
-7578.3363282258121113
93095392544526073171672716848054848192
-75273021834918678914775200137374302727072363
676320052814158089.50574058479578677545040
492
8982409342651206963
39233207029038624378886
132361
-125.17733712500866585377551701867504
81908.6
-9710300700160520246147348363348.6
17763081646536432.98447
60.941810081295880
2019548.3898174
-18559734005731388028386149840785.63561709
-53014119310438806253901698836769403520204936
-9193583730963867798429707797757800240365290
4.7
83442.95722
-789325717243.019597865
37482
-37000295915091265367134843242625
5.6613
-362728
-68760546048477035353
4579131337388347
-99647972120091800186
76729283075590
-510016157228489138281
89361918042406210614625555342826.925281118389
-3840215377190898141710112890313799.75146356288807
-174262270385332135108
459304084654908651771204379561975745888134
3629338.51382060175225477854155843
-5245786963291712969816939186718075.5920
838664094
-957041659578273050933548.14289624572902
85159540476511117739426130588979983284092.8
-8545587543320973
-857701157181448638070951
5896413391821954689916841
5964926640
7078511344734
6486771776304
-367071504033439867369680574917555084782985
5034.32865
945845800965809802781205517448996838901466
-875194641851586
45.66
-4021741419680764578045
429070.07242
-6815011311728.99523851553
-612
-6.6757156718536
-77557204861086516428013032
41339230663279407031032427007787442
61236182309606120362443
-5841.2462273546476758680363993
-2545541009072890454500062128332597660294549
24593070244866553534847793312420316403410651.744042
1653934648959336830577978100476751.5234608849549945
-253467326385695
44
74953894.47065647108
1906994803973864017
145080
8834928563479582253101058186484955911.755
-44
9.9315280541241914
1681815272509
-50197176637109374172
28154352458882476725702285
-961328802.3747791802672917686394052138464725535
-197
501562809111446689994312698177433749892166.97
26244185318988511591574068691550
3728870779
-584747486232267211992
-58.79940247973562899696857
-5099491352682107703317.2476
518844849074935
6906222348515870069631451095106257677906
76
-96326231660886416941259531483
60
51588461574.5797472474953802140720108675403578
-70443916.1135676394990013825
-421724892841641112467864267892266261766095144
76166.6803187980555635969012135816273078
-143.96
-9692059641532.1109497525
-39034507631287219841884773811267786.6324793101
322077
6385603.4593019
-732115493082776862407715896002994020229
-9976551417170686971065833898479181.7352
-54754770443901834687494330562664885244444
-539846
5009486597242221
37416508.1041114226027460846
-442719728668181204920.6980863732328596
3120713667683282205325789279
74510362312.57023028894732952059768640
-407008046636087
-758104790699645
6094217.23
354202.635
616186317355419
87999989275630643869640320765603198628096412932167
-991741017469656438.361650513631586515966697
10273760961722052.100047012088408
747985445101591898532375343579711174056617760
71513.505454
-594.406467256795657612478263212177
854889.43603334
-45444964130208777885064776
7001194889882.98397649727397
-36836179255725471029.02652278
887829022040392366205282623777
99678727288596217158591014506470775595533869010568
-7842879572702800779382436853583444969991425
-8187917633197.4699672876364785684629784
-971801238421338.89073418846
-83915677647
356700672625332267801132445918765866745812618854
47554020331019898688678422850173596733902998.1395
3433.7625423850476189652898193693299679290512723920
-6129204650948
186003373014835288695639937944768.86347510163581259
-34821551472517332449854926121
241912760184185737019132.60861
700619.2687
-79124
-8.886
-9400034217964687292152811975036117782216967808388
-2985556.30
7793674072404350174166289760885
-21113162099154735945864780340432842066
99614881417645032825741425858476900
-20323341279129106041336777199529.02016036381
9994.9339945069451633944880475302339779876092171
2006939012739502284395649587850.0785102951
-43125520754819087456.29694351521
-6831381865203713790175201700937355
-723156581139060768121377740981615.4250087574
826947547.96
17.43858
-36192198716470727650580.20679587976109712
-7720977494633931490862
-1609.69453723064417209905
-9157894187751531089338856
58.211781
-48841890.34
-8009113778431842856175685.918
-3819268457790624
53430300262253000205661967.8938732606859217826
24491544175321107401736
-5002250181322968683812740290137
228462.01904986636298513918739015821586734
-85275798271930883245165030356644
435175
-455519209122729035478670
91545641437581776485.538
60520438272913931613758543942
-549630.70
-53464008521800511336
-76.9087823
6413640962500164588730376088034882499
2475943568670219347864064340391942469035887
-7
-86325151648336141788298914908433755609.10959
453276219566253624661444451487582125259403443066
-279761675115333198382081868971608
-95.986
-879476337.35334987
-887012.5414302461294482175455
33457672
-356.88374312379
-4403928984402.92514293
57641554399307806990517354785516407168799695
-437948403994934606871120615730623916
7640224346053873352449842233639684207817180955
54400754817299673572
-50029797
37982799731399985143636037257901116.2916
-7920
7.1235
-2701786.5
-7198452643872146165414992795
3067848267168567961815296924972565043
66935015812756265625450240130230057147115130
-2106511739019.26103352460143
-6207289585023.696992736724700804318171934
2567488312455715843312484041250369
4.198
4687611142019942368307895341855383473
-5647497.628893076370443283225119765205452418067
12104403999947
-1525.96
24
37661372456829571515
-3512798826352047.8370958616443274527622962557
52800896510476407219760218903222551780936
5921469683692003773
-633651879040312307057123828968869190789986
-61068081625
5.4142
-301104999870884334088
1685109815347.8
248004.27051
-7.2
90356788271827643971262136381
74.8
-67
-3524
197931078703722732187231804
336645
24324054
7572875796831044388011344467015976.83703408035419
391
-814112385670443927.709538702926243177962334
-96083469594155605820525364.4101075097381307249
13
7510127375406355045347378451991953.0
-9.11376987
3040120777582026941433044515298358428
8766611054143466166.093937761
-5.2883
-30595012034082432443385.769759590110626664522362434
552775784538844223
1476234317092574057.0191592791099160264202500
-5198013.2844789324478
-737045353532066524745577505428
888818749896150850330152634584953
29531807
-893046612165
3459
594724014297890729777300777816365
-87622612803122436250811714225
-6287579010161457238
200287773.7115
4.8
-8212820414839232391411339999406848353251228476.3110
86306386444602.194229
-51.94158
944048142894038917514755031204503
15247326912418
325336144
-874693848474332043917065415769565896530890991.3757
14
197095.8950178271870201772
-5522708926331797383239.92431674160
17426582
80
-7784015070087.826331161363930
-9
-2802323557890096010940090197269610713068957539
-229491845.0
584926861369131155042590873886747623
-14.5706266284414242
122837751147150681406182
-486
-86035
-730197808.919096660326024
93.999
9372847721885459841041.9998
49673381963375645257.34615429884576025035476469339
25890619361593089044509121252268446686008070763
-7005038637302063
-54880444166441720407556529293623291294.6
5730.36526974108929373619687915
-3279702715047843823
6157581673920210425.552096508593008901
-17036398034732840681718795469290662016757624211
-56956227477198384206199
8608935533
559.564194172036171
-219.199553627025
1451085389
-38000128102321492033120726719912
3398566367268105219146222677.67497
-539713083326
-25222803814536.2447643446639873087
-1565363650146
-26157.3040
97837.980
-83.0894770
37148258470063361840379471976457872654
3075
-78297248014082520171493223028447786937459688749341
-7034435431255182526397784701145625907202432
6091387263157306150.4
-813623459649159998323440260550791
694
1076124002356111752854344987185
3775
8.0
222709244938389318336042944459729342838813
95086950362309688579767327487497979
-59.8323879472444220
-8.818640831858372367784067799411490344070959823027
5198249211
-52803036927742638313108.86542703925854
-45734451645004255883.4900
293.939443762
9336300292111963141637726471695550417
-82953296138640742319
-9000847020.73
-9237067120928206750430125281835362356691
72692105719927131047165194115257032465815
12743.4265066437120343154154703883
-66898482328.5
3595530856908351208587371288733
409371042713599205235407073913345134793533968454
-13358641695379841571755.8
5838209871466
-8.052953
706268.184330775890
324249
-65926178077965613578087588428052966005859907
120244466602762454234997688804931100182987418270
467677111854766634895146649377967182824900
24706525939527.3413777615000161612145563
7865493298988847574707231249875873531315633840.39
-3418055886.263823
178455915268899066149707345517682131280
-1699285685025569987852978837.11
3185754.6
467895047861785555722155220063698036804
-5169793706.9080
-7013783393035699747420
67514.7035100987598623990414541407719327048
76.28
767978479598461048549911412973
94561975737486911718131.641629
-7882622.6459580023632483
-7472759883004136295.12951265
-1274679137844714211965
6444890571176373906.205276
458773241303081.2669198212
-9980808036995825654309009839122815282367559839458
-7963428141251193912725.395909217444
784489942632283561653.10294756505030468302444
244273202638420249
787264060351157798756147988992461884520080293
-4458259606684397996842170965451266
294983630169547334600915292275581.665881673962368
283867634820058425108487591986723621189412
997013780458457191377693744780
-184339698661757863243828173642905758088
158061411282171976.4252
-93584247541.0931008541932322390741150944
360614.175760
-7671784417894637062
31437160
354821996761166164358311204254592177
583077201790509830686564234
443902878966
-2259669836248849507141486821578365661650244771877
9.959564980677239955148
-718517837652131170537106199130934
-573644.89808901823733004999120109785
-4619014399482119.36601743363546467954770327570
-6063089009908167802797573238273540262
99373726030921771346619
-301427192886106513417
442475365489
73541865209071452846446
-58
-5395481457.5
-93505542042998312656869915339471413148
830082214872936048978338326
35313766631878113521713862.096685232293188489
18
74444420805188168142133915528040.24
-131690500712968962185243089.5064030729
50936812647513620893375308.0478282920869996
64984924782.7
760376401384228357253734.41232869576056191928672
262493628.199311
737132018258794390
698266398109893812672457531759.7813127455
6492.1228225234
57094810441527478115898158689
677691141.28017552128383919132649353054426081140
7074715967610010.24763442471
105893628553300271868895357111717034168324365498
-1584453317914602032848661013602022058154477281
-48650693318145134530619064388185
68534300126584658239395363214382
600721334912148.307826959579673
1411866753520516914127800686476440432.6069466607086
-7405145452918355700402520084081173922948419259
-635915073851.90461592360033242454840250
-818
15255288755517538130583700305522226718
-43345475212961103528763490086203
-68749
-710661822918262722802424610716147067993093106
-37268714272121327048877020482079
163401566003583557567129448893620385989
-7.9569
-5958383
-398675961.74240364890070411336
3003641342709579091978687
-9269786746.7108191323354
-75734113849482533216.18179803192
68350.3950
-655464761931008630003479519471727851954742015
-36257651431633400384800.359795111207818
-667024154483562942901990374183788084194887.4
-19108570823126485023544522460
35418628646904
-5606436219682823045235136209033010398462896
44453093161338175356958
567187522004871856027
51294597733.3723748002449
-336192180849436019388465787465358577546437586385
-2271154901032949058614127
