515813438
15.5
-456572348436810798698757094
7558704670349.10408868
72440245177075.266206686917981
-5718617780883036924063
806915
-7505243294661003318
-709917
6491
70.3010060704
-84040.0368483521
551.11
25654.386
963006941173334238453337918
-917437236006218458
264126186.753
-3876.735557868715924601832904
-41301696197504087087.4322
654901253186.7
-863428819893441447295468215688
13203.6
-44374521709462949
-824341606
4
918185257233072650976742571
337477498981703934742819326287
64228.98394867847
-4167
-2558987919192
-70499587063197
-4.730827588454491898
-218987230370071292527
-39308905.2756
-80.5425
3095022978473630391600766
7070
-7655968240645208764.224281528
7989444948
-56319435097862457517415
909212387638
7768609281540407610740534853
376317
25.011
-5202228310942351203385
17.6927050594494
-752
25241300635732.6036046948586
103052.4027
8367001856777492722036
-74.0933094
26
2971568977335
31505264.83432455168460573900
-5547512794349640745760436
-4460923536522362301353
1527
-3819030080172478540
-4.38
-49.800980
368630230320320720873198600
-983948384099525152224801
-26
5538757448315
4252501460485470139917681879
87790920.485779149421837599
602183.53101356604672177
-8697390955.5
-412.980615074843399
-82012039016166
3996758191539615
85363761531
38.214207848395009903529
-7537210960177.394
291107215984018378917.295359860
4608
-759465447923795744940099660
-5148548628524812351575610
-52.6265667
-8363998330
-2
574477206548.02791872716351142
-38.0029
-4582
-278310.293107
9181
-158675907660.59254579984
-73
61
17928220302
-70464409629932132
-3823023510172230
-3.95963093
490096570513701.97593
-1507648.0555
-588408
3.99471606829600432
609524485475624693420499179
86976334170950780839743177023
89
-730581
8004017494
-7022900697.260530206
-13
-89534183997299210793997931077
7.66458
-76983209.10485694869308476
5.148637
68311182
567952583.4
-563.69591797145017024012964
-4226631351023675295.1
463946584146875865
97
-778572
-50489263393598460344924203
-492214226956820398889855
-9.6
-354552.37875636244928517786985
87202767165292538858.25
2089825260787
-2216528745.015
-86613069592515501708
-922168411548095362498747
40740912942088569253
-76292653.82011
5260918
-126955358364.5
60805868023
69892032208
-4565439352043
-3808347615584
300130142327528940
34654079421535842551100144334
-7
-46166541057042766127121.4101
765330948
312704926986653351459460334085
-9786570348800427691.007510
8866573562637091
-93545.1407642
-44520691
78246662374.9
79435531295944532837126198190
86773133225401899239199
1699618309126667
66538
5793135645726846293
61012900170.0
-833353393515.053128800
97019558123
1632028
-1220.84037214
19450060345211
1485154425
2150577
815174403
-245.9556753554960580
316093021.39
35251.83219938
-89846428629387801031.2
-55281964242.9333238950
3076111764.9
443.4568984522030
9.34
9
636570061677.28547245177
-98140201692039865352665336.001
96516693655284796
855.66147648257
-666
6.714468664376783968
-273741835054
-805254697515076534478935.6796
-8596
-89508299150
12922076922685931362751410707
-529324
-77.3
-5440784.73084005
-7568620216866701229653200.87
-4076376.706
832110100168
71098
87547202649841451
-6596374053689.10498593136918083
8328519164153
29.764
549045.93916564
-5706166.028109021778
67
40982.504407798072357389810921
-6.1599552763979438485864
923398560705853547
811140747768801407611
-4924462920500300
89008452.301
5902903268953850.14668
-5808283416332737046
-864118983734.78863249055321
-19726936191750947257.134559
-223409
40489884036434870851
-8
-7050850830783220
466098451
5.2
272.621094779814935074398331
866587194030014124852443
2680551883535916499672306444
341679327896316895100575858652
20.1175
-358092393447850896423
477.0350
-50287105
-16333039812568823.788
-9.6815368402
3165538108876
2739
-661364954
-9579213025
-84749120638031027
-649.202535244
68515703693
532051
-538755219884671089190
3377171433407352352510664575
85074529633349210
-61843258267679.64379435
-66990066
-80432378106809791710945117.7539
502713.26
927029065649242728
-9016181.709932083
67906967318123514953357154.634
12559770224
910897339575035
-936427
-79465828987058617710086031
6760806.79290683
-695
10243578327823
-62436733879.3
-811040
7727731728844998124770673037
-1.8
411908296272218
4.287980561211692871368493
-5904600.87
64562410008380040555380
69430476849679120877469
342717373413210739542
64274317122981256.622269830
-52585524281650.969789
950877818331986861987679283705
-18676704137410452.3352384172
-587683428454917370
-5
-428152290793853751624148
6646175422980342192
-109892
-7916507382245731679258
60.4974
-282868235037476896353823
226635180047.0601985351
-11863190017635537583762255669
-72916350244
-50.848171
-530001512011957796614
63196161549681797511442278207
-9.69
-300
859020658509821828936701573
9.8128278971410
4088
-28154863454708563
97777.3
-59093749975597471
-617405
8.2164539486427328006278218
-70.5481152009007
-62526667471514802
-878294082
179659155.99
-364829466
79960625438956938347
-3
4.7854191053087443205357
92892056191385574150074526.72
7.4227373573437456
-3572635426384764737262
356
-1060869539524368674512602
-8.291064662281124
4902523366261
45968605928
-6751851800312.8143
446645998959304
-2.7672429
-547457481166725021503990.6147
-474196
-97528769
-5289779451942624
-903.973446134170
-5537584121
-77598177082910012746983387871
3193737566882.1414
-4829820757704909
-33026924136949129926788617
76874485046028
789560.80430
-487843325703742617586
84.7
93540211502941823
2044439005011743248827458454
-313224753887772369341
1.62
-949846856846042255652497334889
69770.10
5
-400851425110261
57508790259424482892072669361
-55986291385050
6.92
-855508259256809985665871916
6751283606340028769095
-53789377.544890081784988866551
-632939210716474855629582395
34376769162.842640782
95477227213179
-17619311059022674652312
90.248182754534387
-3
723821671.717481945680074
118791205
452036517466673
844105299562001720.1567700557
34526222
94089104963956543708109856
9181641015893230857370340833.10
7248279913023459316229108
9184528249851
-3
6
869020
75.8722661216
463.69
5808791467.4361696
-54227823864091727.65431203978
-52317260616635352264
22.8
59791.7
8320878759831133001106479041
-4642905968686347161840249925
-3954543124.1707674
-34693240940394014
11527077724225.11
3546341.9
-63903534031588722428360236
-7042186428438712894413495210
623283728947846966576553
180393171141357762494762405406
622.283
-36521985863325475501993756481
-3.351162
710510
841739072699969.36167278
8307598446159939614164.6665945
51536292690.151723623
-3.47894570358743947394945548
47219811996.79145
5252466062368377
67.929756757074
-22268051674269024273220573857
1053745396851508.1946543642
-63300798246099965.8697150651025
-38389360185460610144
-946
-27
7163.75609305
154981978.2736349665004
7062
-207
-2.74448834428571270761951326
685075945784705
-18007068989469211147565798
-879166059712385869105081226393
-98.8477
8913619240
-161155.455384142381
-7397954838542323
-3740576481723738663472.1447080
27980276362309434716556284
-509908398606445.608843102031896
635952973264460963064003723
4749467229722661621310351546
6.6
4503647.60715
326.0037
-129202821481511
475263401983957480
5529.0261453672
85827267919.0
-9763298900562123817668085
9358612199078054789050640801
6928634747815461
-529529235995341
-556738777.064135066087514
-349
9935365100713647130
4060524.33378283
-2.3420342859650876695772
9089788589852566.883352
7
-9099970961781834
5
16060083.8424
34
-7267530347
-7.9733914791471507690501279569
48.786786962
5245894.2327021568
-6935349977
-99314151320302844786080012736
8598499548550598618719258
319265.4529803
-69642.5
-27086480.944767
7698.67
-186010.866205084
301900322561708728779496
-10
77257419177251915759
578347953
453203587289750
-185.9901757228464922872659844
-413575850610
-7410224
-937621679367818
-8680818632722446.107516
8.036519780
94825558614.349563117834620
-8744545004241301
-2
53704343154.8
353.608390125926740632137264
138978664469081139257.1732792
-22583
7900.79418
-798493953238849861364149
9996544954789
8647360.4964
85250.648710927389912017
-6095400.6
-267993967
330
-860667560589
5402963211967315764128769034
9026
4694226.699
-7511209082803506203024
124647722920
91089631787417500
-8925934066460910584.352313396
4681837954.67
-516121601.827
6275899517548076.7
9275335745919153.65989
-225562
7167.57353
49560864
-575063581561474444545690191
-660111
90.647069
-33548
-9.8393074638745784931
-22876.951
36576942157372170972895971818
5038
109563
60344929.86400398
-673432405408881878938326421527
4540.735532921
-6473436123337269698831
9063445549175905151662
25.83
304787193492641948323
-688.3569725751231602
43.9593
245945550920662342
-2098279091
-1947.32
-409290410957015331793621091.7
-69564695033
-32.216899
970.580
-8070239924
58001437565571781933481388606
4027867274896796
-32989017187743315168201
-641924
6756175109
-30775.732330732339757
-8007583
-654.93
-522
8229
-171071276427.3019
936753703754
-29
-8570739178957698549.778
60713561780
7592099260472703695517
-2.18
8880176.037341071074
-455426077364891146
2223563271571735568
-66051096492.80866
39803344
1221641351022197050204
-3.39
808360602536578429119648391
7023354386
-75924893323024591840058823
-71111568959.255
-5263
-7530.872
9332899
6184849641169056462506
398793465634781027705970112
8447565540.9683670
97546.12
3208452919166292804
-22.4
-362847700.62682
9065238154469408
110351451151
639.875583951954729
-710957035555478271970979149818
88507676566189683168193549
-925420550952929
8753.34629
-730
-170052.80116
-805
-61751507320575798006666973345
-481420229.04709561244238611415
-59044.60
201.68316
867210830733198599929287
-68655067
226773668
-8389479
927208665023409951.0792056
-4238529060376496.157262
-4972144218389536544101.390274
-996
-338937320778774574569012050512
11064939.2524534
4019578396805639.79959267553
740817907414425293120.926683
-2140932035996766.43617883
556
13781207947061412
56155.3
95859131962959689
5.088
-6380
6825810019934551722286913918
5.2
-8
-5172888855962910349414
683474707.8246509
-912365078269163092596312
-472754578829126022324134427950
403913078751662019001725790
-665601417522665.13101256
-33144006495555410677004620748
-2468292.654652641545193405027
-6.120939
53
4190122287
53280345064585.67458592670
-6535725105222926103201517340
-579861690174757
77.5116
7504745486.8128221332073320
-1572035157852098
-8.6
-4.4
6
81139395055.56682652723656210
755059526931.764671
8189537471882481897086595906
177416.1096651242786640
347719875084150362800758429
-893022.124041652451918860729313
603353392336370.93671
5046213044.6
-82863614319.06038572633688
32052514612063020
-6
-4418654794.62068
90761851053
-78.40524443127175411
-9275378722342085709640535363.1
695738474079889225436772.79555
-9552264955848024704566078
974825231.786121609195278
58328389637130028869.959493567
33.757339598909649
-41025228.7
4811075590633884628436
3139160
-964334
1970075943921841108632409372
1841
-2176150401648345278807867381
414872738384172031820.715358
-30723406781442922664
4998020467117
-47457845742
38241481740325
955443819.445557
72
-1130884961714349580.76
-92092976629891503688258
9.29
-33593665485683495688
-798431381235.2131571522455
-286411012905153855121203
-291
40274947.099189180500416
20316050.354407327
-9932329676406020
-14558.021939
3624.927433
4360.70
834082020723511.02886763
-597947006.6557
919370608447.72
549
48978
-342460640496731993.11352726
-281948163683921719631
-42.4475499606058749025520836938
8.5
2913230199521374.1216232
-69603
-408.30563
-78968754055.7866234604
18889.51915295397
806.6
-55934.555858260748778948485
18229424375907284747.7967
-13340098.761403618544
6814875207127.3
-923906056921
-887820933092672.9
-952598633791297887585073172244
33931511895555305016281190
516502793388579403
-55025
-800417993189
86109754332755.4807803475
55606
635484706032737286
83.3598624044749
9.2
-96735704104
-8130910471823
-8077005778141505394870.5
9567485425793986
-639226442459289
85557.12
140147560438976868562303559645
6464893874861807.9884479
1.243178950232946
-119390185006100902976195210897
-754979910642938291
8997.1
16.3806246014817
892726689362092.74144829562
-4285917294499220564.429594
8895632650023410
61442010
92723520897712306464159309323
-647922480
-10281961591714326660737840
-1938853987247026459718400
896934648504.91
578710560835796
-577121761500077150
63084.59636
70333
33843724
68417016912570.2379631669965
-363277869186373718787.593950
5.212470473
6
-439968558455
-8877084893594439633454417
83
-92205339242949537908419601974
706940.2616286115840593
-434190571385143852
3
6175947139012576683203651
-82918501872511537605432666091.3
-19344996.7315821832880078557668
836060902.73122147275
51386895711578.13939647374
-6.48113
66072582375994763234067426
4449696218
5887727099937858726616
-573869111003
554
-39.96
85964470481776389
-220766052763566193
-906237.90639206
6041864565.49
-2045713022
-6340647630
2867579784
-292175309456541783402270667
-20761494860720899977442246723
99435641794539016663965
-9.518475645062968456
-6090330.5662525465150
-8936130958855
-55698732096290847269
19870
7289041248423967946453
81712434430980958805186244928
-170543560687586882208301.8
588350828747188076893343887
858768906230551565
5345112
-7071947162403417
4299878792162.4077108314
-1.182
-701772174947
4.637858141185348926867
23802355205215
256
88047307.2875890052
6944925
-1020395390156
4498.02150918049124936
7094830456319206170
-9270020402735.05776211031153
182799399758874585151945
570429051877274507632
-572.62385309662190798686272718
15758056.566373
887739144006
7112334983351.2787
-26863132.67363675949592190479
135664102747791557226480829
-13039169352877735554837.96
-73242568
2940.112
4442506.2134050002601178
-23959977385954873267067
-3645165
-561055430595273942986.32829
36218548264968203340618706405.4
-5722126772605102834
4518.214855
-79905190477305.610019901187
-4282920919000.84
922570577
-2
863078202149582375
3.0594
-92735
63896
-5466204901115
1.63
518954802541966438436554090.6
413742753709634019915429270
725991029159143994107
-4567931661585589.1758963813656
9279806876.98776958836337781621
892524308718516038173256971231
5012362202608979.3
64623717371970322674962545
-8454
955
-10782185862
-6757
17.5
79055832567869796523909
4221268914055188.55968281
6322310669974348915172
17828158191031369144
-603303522117012743210823
2539231964393840786625021
363087.7127563272817411698244
9064514.78129244216
-61614773120189928028
-718089
175329773871888003
-6471182350.656995784870453
9674798137.96246386
1
496513234555291516494902317
-2456322058236804.98995712
7928937017252881579774.25601
-6.4
15768545238339792
-94899338
63913844105293238
-79173059
201695187764476567967
93438933159146007094934710
-63508490304041289592912631218
794.93732879
-4.016106782232525
-338121.449612579673553
817925675145533843
1240868045472826051
5.70515680974333267258245
60444317912.999755868250162524
-8584974026002709
-593370392.505528568901765
-79254340843376
-25354
50.42007618400
8379.8
634046265377955254113892849883
195193151099.596
808716.58209843
-3278979
911974492603
-8143769009776060349287.27
491452048490
-3254297942.5
-67674838873642527974.128205649
30533.117634380525937595414564
-20347303072407951072967
182217600223405527849.52687
8730138668494542398334431423
741200061735434
383148900907838010316
-96050357.755105216236132
12.6
40.1641634449
9799657071807.23479824520
702249198.166644172465871691029
3320973961320710
9615167181443
-8294
747738
-6
-9397688236143.7
-690053095253421.738
9169221.47
-11350155759188867152757774
-6032242969113
-8397647601702121234
178848941504025979889400
-663086649467191.7
-63
-476089132249819238731534085
-333
-75824401328924461242796011
-1952832076
-96262952.58592411333725906
4954873825887548548
967160
-27763654691216
-6365720104607011137.526709856
8835788302327.922183991187971
-39275630078191986877.200681215
316
-43654.912
-839040
-81322404833996789013903
85470339850794572956
2786388
23097476532121950
-81
-51784788256724.469077688038
291905196923152672504849678
281218657373930
3.51
6712650706895103.3644193691045
-43980214123645564682740
-9227
-23316595124790511558
5.6106360146
409075
74568583.81522315
2.0
24319020252098015914041913
-964197087881020
-46793570886835.230886271800
908738067087935358318982258601
33156491768894845283090919
56104999155792
-1.14867312
45674092581.732652
-53.148084752865600040709149
51089905994824
-966.91296886563883102769
197.2354
-922873068256736168769761
-8677276294712918659567800
-131158471864.75464
-54.488
9.183937164646
-174008.181593537
-56316864170221388
-305.453046112741268143678919
-1870625325040
42375350548601592497655
-673972239212580251115468008604
-364
70625902259919
-9463559163018120
-6.838635251069702341610
-524781673742841034351124.6665
34738267538375653
-956141758664894
-15.46
-411974216334051689107
-4.73605325125820337
3685471657145675737041450977
486.89276
-85102512211741108
-73449585523542929160461203.33
35642179204719792
-314.76013334
-6918985.74294
5162.5619
825552982482020738626768788499
19908.1495117641266
972415.030965955806707704
-852338816.68741336483189179623
494444
-241845688
404
-39503298137939960238792
-7939738542346
131
-8217.757349381600
20575755648909944381199607.581
9880899.096415
5064681498617542884.0279876506
-80425536621070127834.72568
-15748.34592
-430062328
16810535296
-82515568563833682
40.26366415070230
-87548876795211531.172149
-164
678400060738524194
-2324121.4931249723487252560160
-694162459915021876479585320
787021568399413132
-409892.6356417856639405719
-8.33148553775241196873843828
-8038.016130505176160
80762798123485512.9716
68690248
55619893718768792988922
-679239669726997827815551066230
-8.00
43513327600023814471
971069971
5163.95528182057454965
54519450902616649528
168760680
1502
99
207218790.71360705319301586
87697795691.0957
-770.93742863
-45598
-699.1
2
-26166747
6
-254035.577813559503996
-1404426647605.99087595080
947
-26541940439603913
805.81246084921980337847474
4
792636294
-2615
40464782669305015331589009
-6.3233861383122928962807
-54744237101756
9.77377306
255268006746078778555
-68621.204939264236319
1910.7
498
-2311
72.195281400942335777
-780499198144563
8210207717084940417.4556
-82972.8470
-730
-32234780329923251294724
-67127
-38138976961417105081
-504
93941662
-120099548
-66550729528324731801263099
84969869086740
59069504984304892441515953554
12953894908805
-3268.140568635447596
-68422.655297231613268780695
915.1272442
-1.9475688035780
871047.3155
-9564
-979300475072634
436881.0276
6023444179001031
749703420179387
-828.91164259731
-45.48749807079570142385
-3458
550914
-896689970871823
9591208903459.7227095375960
22.8292528857
182534649.7
-5191802879022
224461642233023242182414359
8419902380.050847796889
7818962
9335749
-3526.43
68214191766909745389196155
-3149066552837
-72029
11826462409219892440600
-132747
9171228516847
-64131571036521.53772269
-864699
-49
-68098
3411873.70742306250885
32971810.31473592777391
-1923452857440115969621507806
-12244.2518413574700
202339336568976342
-23701001966113110385685
7.32767808
-58777926
145211
-10085466084790656407238870239
497
-759346361852397096913790515
-3.885106308314
-3983734310142705
941605126087
61649
543971699
79000
-2
3053.1492
-39.5253
-67197902840036764249585
-72656644382167
109
-4
-2.83773595688680606
71187872876437055682170912
4463163
657455629139492206219028120
-365592
-1916410684923129180782675313
-99116308.393
-43330948046460201650279471.947
-4.0
9907706096045
50800822215686
8280089321899.67652967796044520
4928421.5968652
-1805977947470513
64374125
-96910
-55789785106631176681319
769228.63876192369
20.05747617978255992
-293949389459043672815
-959696922838756994194311
84033608696575485646389156
-32269785293054.598408528412061
-575263
9.6684476037303645191619
50
-320753820
-75957913054.39
330.440053005
-25300978.49950323125
4684203390653576164.8235476
-17275401
-4026177915644829920063110398
-89823.619447376522843
98.6504601
144238036.371
-283883351140.7880993
11158193655234
-555241529534.597064
8565568137656148552.721
44114832843.1590
202459609730057234906251822734
8356.436949264
3256351840640620.153167303
1840655019441326696338273
16.189
578
-5.84753
-41448797213419
188717742095156740069317
3905198
3930998993350409377805701610
97368205065417894258557
379070707644799
-25497489.77
-99188559506.606
-7.76
52.811004607282
8983856642
489997963909288940
3612912143791614948
9526860133
159693116
961
34461085939185849919026.755191
-714138576844
58522858561438280253798
-2593055442659419627
807
8334.74178
999637849189967605865.9245
80625357775188146955039315
-802008812815
883
31591
3313.26661883272
2
404999760703774187570
-196623795954441670116902757
5796655819445334696032
-913810706
84700547728377883998276616427
42219035000042560805448112654
-643467485379404304888714
53715
84
-20090522216.787336670850034
5.8
-1.0
90.08
939241401844598832563
950575496829802347341625
3779136714
83
96206738
-97347274
-81
9147490967107820506.53896728
764757296289676619049460
6914419108913.6217
585776.4
-6330925975597045736605083941
-1731528860.3836844093112119
83699623181
-195174784422997249346858176
330750
-311.08
45061285956373.05932304
80572952626230829256673005202
5167747.024158039594
880723725435.1797147
465520121130875
-603527116
-1.921
-720183.73010711093299294
-26552673460.1505
214865
-2464
11442198990384397105530889696
733.9718606462319849
83836156170
-21454854.309051776455
-6489
1415.3872952
-23
-5.396512067185567109892
333269959718538057
-23933652197069975
3463935
742574991177605765902622
4931796745.742
77135428.4935889168057267
-20177697425435050904249.104
-38214947351.4093504
-580408432711171809
9
1317
1236896842742300307
176525.88
-413542.4761548245877901
-94.75486
40263653514860274
82055949007.93644665530
65466999272924591018.87571
-6891.8655005751739656399858089
1182517117500907
-65.0
-9384727212846.85736
-171769009398314312966210
-831274588431764
-50079532422014889584775
7952191953050523750697972
6896758
-72257844248715.0368
-7327526
121603916404698
671888768730296729
37227.44438197445
691142657838659982850942346
7790094953792.6
-4434733107575666367
4730806488
-2746659730342030239651
-7386283689924465
-8836907509.0790815070014850
-79568254137182
27
7603979.69033708428757
-359
16063
-886912
-780
-7054497390732357
1.18314508
-2421298936408778
-7005667134.49
4491407129169596.527
269.554039908896749253
-2911739778.0021037459
-31471057280549911884204284
-346123289742061747182112031
10712367828731639015402.1580360
-229903.8436484395
-919322302330.046449829
-36752
-54726293147163715396997070583
-53313.8712738707044433518
-30
775654296283718753.879
-9321887076097.26424936
4716336886.639789764
-27213.6497236550322
-4451.7297
-13.13044719705709847232214631
-6
-8225.431850446681011
-50569587997653838
-278694
-909481602399019738
1166784150251774.2533997311
-110449.16066
-9848299
-77.97372852931116613012
2946395.6920609562808949499
-841553152820.22051315
849867.2077278095791584
837029659572297
5
-411669955487268
-54243137499238
624547875210753496945935.8890
-329.65
-1789167325316
3.3919725921986026010
7252793847405941784384
-10306036.897179690
-1399274149076585.281
380008084497276437652212027
-30082932.4091596874394
-6798447
-1812089949.9204763013417796
-3767311284966914496
31487172843.46993456362
-43.3
886957
23922.9339
7716478935.3028834224
2749960570.057281752
69736834234107881.855512
-304081535
2.2112574
151968101.894859
326
-27254522760693034265.870014628
-2
31.4753524520
-8960
8613753
9.6
7496
-674581386290682141
-1306784087197178
-124968901410660455029377317885
191381805005
53502724409
-796.050398
-2.98
-432.173
8134.51
-8873813557.476167578645
45193369
5137
-17903209738085599
-2952939685785976
398127954
-438052899135324210692189918
424
32.39034389522004067222
-178261796038984519771456238
-392363535.8
-5963
119.121390
3920616005022
9014803561678442943.6
353646536235116
3647283289458600781450.51285
-23.3626
36816297567327367
-2979242.73610005
41311326.234943206622
-88715.606505707
932615035863408718622208938
-1501
-5.80
148
-13792151734709359962318365
44.1933236
-7764973121371187
87374004472200180625811152
397.79150
91871190695923868287306311
-3521
3002845794
93006286655451128256550528
2350800416405.04
19187.37046558088
-332592811216374
-590396880839186907465669.1675
-53264.7288425
8409966847991226463
88673814858
4066374703537559793096191
361672764604.04461109
-444846028054374319878
-85542119011004
73630895944857844551425183330
-4533340.42
-705023
1267952315471867962453002850
-7910841129489667485354
-83628.389560755136712676
-232
-554532703175710404660
-195799.50797251082453023
-2638009151328629048
1145513411633781.9
-62
8787080949460185857033789
817902542122
-3303747.71783285955266574
-99
-939887964636.783
-5311.4
-109
-12132363.16444416105078
71442432723910085968528
80
-68127160847056560793111473
-6796754.9522
321402.33
969.594515542
323109
-686075087363214881.1218
917772717253802129
592081019611633938136.3
200769777532098550705765
-95149082.00
-876804849.6647309
434363522235833
98709
-340.062300621393670891667807
333549
-38950941
-720866715158204220
-13040623373417465531308.27
848892
-54794531533
-65442.008444937795
6603760037177246300.722087349
990832517437
1.49
834
-40300
-7179744742
-2788659301.7668512
44894410
-88697462320240074414327
-2835243812
-11246212607.34612361282851
11100242
5362974559653817174827.48180
-19717043748049.59622662086183
740799711719067.0
5747
-29.21901779913162056809346048
-589449525.0450042
-44481717362150693.8
-4549499566198584202121307530
39020987838174974930844621387
8038976258031635329437752373
97564710190530
-3256119338903841818623401709
-21.8452765562088
-132628.933703848
-78.2179787787
254612.9698
-22651048881234594487762
-987574075985
-56.949488152
-87273924902340920893
851494591371874305398.33
179800303392523926.8
41642014.81766963096803
1999307121297748636
9620518697608057998421
-6291436.548268
8133.282975406450775
-4708857497343270
-71586414871
46176093958575876781483.3208682
-11907.400
-6.4
-5670953950547395.68
73504114129650775840006765
-298564855424650
-709751718
208
2611720424832677849.6
33183355862564661101321965
92.342
933655819853707059749707250862
615
-405
-6495478495380673820400116
-9854586.102978272
-313621074921913676400994168
929392348394648464947266638
51062832914011091493694655
747795122271516339752883
-2243736033273252502469
49
-970399456635469.094099714240
144235523377422.22
322610240949.797
98
-8.1111061562846871885
7196775771755.230315879924649
-62333.93238304757709
261235022292538746542
709879556263446.739720661
3845306413023215286650478
42320441396971.663560
-9354081651
-6.2
12640317233063352395432094
60.7481
-6434991762956.938417
788298330798339124155238348922
-14
-2824492563.128582618
-24227494901642875934
875
48520134502486.8277
-567869540540282.0352087845
6575873.80117968
415
-68602.4990536485910069046656
6
-41931.76044
-1.69
-1.222
4
771542702095908018772
371776710282751.10
-74471383910.9332453620756818
220948
78073.67680
-55055.7221391
560391957030792629101761815331
-380534956
-875778709334496
838810386049850
-48057251530590524.3693495
-8703383373767227849.9214497
927.70223518139876
-392.00
-236998244052734663.13829
-48781191662562576285343
-4841669.8096797
6296784631652358.33424939274991
-834054683
67.5634
-38749.40198945675118052
-5619523733174.9670
-9740628434014234
-477034268.3604724113962
-9872544610029274
-45574840469754965972
912270676657432736803315
-316.859023206845
9597012414472975782
5626388901297.8421936131
966.64287545859899664
-408962619251
8.444
-552330855542469
-68006415203
809285245039987271951925265324
719753815112479750689
-837644866
50690156795774969607968375450
-746090.740
-1740386142408631
-505058879
-1705170134238020054656.3262316
-44
-149337142015715.17888923623518
588761963.25039836
-272.01852214
8410132744889.83436337889
-563188652535536856036073
-98196
-428673897
-679
86764244161
30474864687168350654
-1358620071535931.1149004932301
-612808099913423
-2976504.07924121449626
-34
576078882.172
-824392192.5685089
944341235083646
8715955411371957814
-782703253.03320532768419929
-78118189394698453645961224
-2.44
633
56
-93115475866
-8641170390008628015019282396
-466066413
-509499396
745168440126329043119261507611
-8.8766600
-6227723984427826316
363613.335
330620432365367
917233064.6947
127865122381487622189.693
66987719450
-6812695586178523521840395537
1.1737976941087
-63.3134804
922.97781
-34649.8652059660954845845
6289
-3687360145619
88171304450376514573978002
3418868102148
-62.1976
-75776633474150
-1168092862017313099.8470
6.1
-453653005763740413674214
-505982894683886847180048517
18595226039601217731
3124
-18112981360967010046493943175
482449747931023094490245826320
-89393040451879
3723245032
-10.4
47.1
32
5401891791605.1842
-900.1099
-19055.71625
323710.9034
-849220264462667.17
92302778
-6
422
-4209967241524.02830287045
566648234.28913
-2368.87
-955329402522321885206
597991149.658377978991145925
75.56
-975281294236517119876
687626400831101340816251
2890976
64888.28
673391.2
-778889
-1756
96
-9307688750406736639
24.421
-9910943
-46408606255611942806.342656846
-733551752748705780842435460
52774043600993571461784557
576530759146.76589924831139667
-3753899671494119.5160
-501654093194819
707603922950200387838
126432
-48791985987090
618929.7
1.2
520730009922353148976558007
-92918437474947
-605334382255304450769611022841
146791156.777507637031455482340
18.418124
-919693563217189100109061402938
-6352767484170264549239.719
-573227203644400094045
-89319363
508708
-6.9602177176
-227784
-28732163889798.99
89003392895936231091352928942
-691.089528
10.46
-10.7740324255955852168934501
906597.301
-51698907403.8864
4042169067654800983438068676
-75324043.617106223606483
7076094040382826196600825
-1878682719.3
913417352808528717
-835715005.4239540566
666450199
-5.087184
8598454372557
10853
20600219138
7016003726032195401277
5
-8541859270047728
-15958219.29292432410288776466
-93
-2011431062661980188667349
5543
1402504438970381200812230
94988632.54
993482824593334004109
-96892.3069646283
786446
85515892010726776662
-2.36971
333480258
-37645171546575763497075603632.9
80748642.183721197636709
919233210140
8408.832066
677198433068
13754241844063072.885948136464
93602
-8094452
9.827
-6
-97750899940
448888664391210397
-259
-708997
7926172
-37813590732029452170676724417
9804.0
-68.87315343
142008304243170863
773070854207.241163431083469657
87684930352173
308838.1381206340
-105822973658946168686
-67647.343632
43327914198277615944327086898
12816473545645003.724149257553
16750602651188844154506936
-41031922912520717543039
-46422556198073728502250936388
8.40846710005996568832711522
69.0
18408101886570.345023473
4
-95090731320470139.0401369407
682.6226
6.09
143209762980950
-1157471095720470
-6597757.205489302875
-1
-56473
564957586.96154962247
-4197
116
541878843652536986876
1149904864148296645
-17831
8782920311.7393
6290149906701467280846666691
38482920197288290465
-82904429905051705620491950.658
85636396312559320293
-1766176375287540748349850816
6205556474.383235423
1.11
-1.39741
-3688581541644828431158495267
-6422574468906248646709071642
7855.679
-279718.1969010348
5422198357761498413002
270507164046974754
784366025867618776
-1627639.44504612121957781883397
386
833259.2069035114534883
57707693354694261
-636778672031
-5137241475092960530864
-7502.10120582027
-99561292299831951.9142459897
426590887637
65.4
68496734070436475525990018
1.984674141090017250757189487
97179925836400924812397311
-3197842.573
-4058388324711566.7614575165
-291517174135808345433765
58119815.7770826546087914926
52540263539
711603307.3
243.9301109975588838854
19418607337337502247546037
-36904.244
12903967815387317992220
-2500147
-6888
-479771
5609205295603046947573638925
-22
-772651999.3485501300782
-3683
-23.9316
-21655152065157574069301327616
35
-85156.390
3.65775941
15346850292267462012907883706
-41406.9922
-97
352940.72333015642
8466.7816
-5900288892047
248169213184440.949744
-9
-29.29354641
-366009525981.44
3986542104446004.054
175318811078461283954824.915328
299222702
-1.512
972413258480.16988513
-495677528289276517357232866
53948920.5551223
88908.45710
-219137835359997518863.203
-15465423535
-91528528.04659654
-610560.5449
1923872686030310
971.4
-68396625842394299121116939038
-4383020837784575714737
-163204126515.75814403071563064
-649509
-920
-337379844
5739
-49355568.167
-6952
-267685259766398586554309825224
-791196234
-968646584059781110.87
53775523184.59010903433457
250854561569389.67814
-285827162849.8199034
3329521567776812.354994073
62128
-74380680008431177867.5528
-83
-7526
22931615.875955148199
-662.38
15501389825444199894
2
349939823.19676688280571634696
700159
654500009463360576271996679305
4.019585
-46452060431
68828855
2990606812125398838254
-3.327
488.7666458530
129108293600025078489
-620474347903390794806546980691
-782514493350619946
-7538051.5881015563347768094
-256072.68
-4320664604919
21097.85694097669817378702
488.203958744957919
3327611807
800909226
301868794979919
1612118378280417496.819
622822294905990276.33649871
-3.091386916
-2
2349740196922336132090523
-909608163116494111655
-7128106701317544
-5539514
-385627286292809
7567887695990710862044309
628157940080539915586955656275
3.79
46758829
407940083991202.291834852
603.0874981605
-869881785492781729339246945
-2836939133821
970965800518952728932.249
-905151262.2809
238.691
-10674264
-36.131723659644211598651
-37653251882
461
77.66952
8186.28176278493
-74840252874.0
-159332.799
81807
3
73790843480.66843
-65970470677434.9722048479672751
-96244116884994626547
83663.734284728162418
9022
93512.498683240321494
112.287332904297132
-8820984101084887214695.14463393
-451830833362918655639.093192
-1338.924842282
355211
287539680
-5247103426113446810
-967689606341087942.38892
6659870452
8881457457218755686162708
72040640127468302595102111836
45110
-800104025127067334823561341821
-527884744938184969228288790651
-928000038437774694.961308
-813125717476311635215872
-543
2307
-417672553
-420997038398209.72824481
365369047.1860354
2851130273219012727801
5076750207
93009800.400345136872464
-447257197119704727023416566146
686587590296552236554223
-9898.3009209
73324660549.1425637165912
-8742015893324761165326007
2.737111688024
-783487832797
30416481030957989248010171.4160
5215159966.1
-7577144
-427.2225354130
-248073400950
-693.5110
5148090676.08115999
344130225771.1089
207987355.98523359884
66.201
8564436824289546100
-412484189624.7303570739
-375826436
17607460742691025314210
-71248488290913815.25080
229087826686147144527.85113
-282370643069828
25667195885545831200146432
918
-507016982392807
99117467
-63703555057
-2631700011.8
-3027427248141684527972341
-11.0140
-51833
-61357807971040661799664.497800
-4851376400211917130325395
-5274
-871383698391495.6
-7718823298713
-244953847120261
7433469727679
-195
-7671139365746503680
-905
25563611589932233935850
-44.55848716193241
5252174
48910892513625996747537179
-65855744960957477
-8.45
8845.30144395619636
4
-2259511.189452414454728306892
-77912017612053.794546
66941.8104847
-146599698073042355
51056.113730712
4
-115780487556084055
5669984030525771766983200
56405
9559.6594779471626263542941
9156638012
5679623166603731.947568728
-8078570.3794299
4575102932922202
-1132656627059303874766962309
82954
11056124865812664026
67037449487923886676611
462
-15.220593204611578645
7946679118535048
44206765488.055906
62060271614137529250838669
1914379160.03
-5580170772061966886944
-8287735.1023933
36854866512.07796072
15.41593
2775127318431.71682306057293084
