
776017.5
93705
-248.9
-65.13
291514
-606038
-4498317
-8904.746
68586
5.102
-31473.3
5816
-197
-2791670082
-263
-7772937456
22118
83374371
8710
46026
207298197
-34.06581314
44.8
-774.2
-303934
-64749
7.219325961
-7.39
-2933309429
-16087908
-81990
-458
-4578554
3236.00
-3024.91855
477972849
30125.61738
4070910
-418132507
66.34324
276.8696
-674
126485116
5.605801598
-142524359
344008.9
93321
-6087022163
6358767765
9434128387
-30931996
-369.73
8.584226123
-5790159.866
2395.54
-3.504
412283247.3
8332826917
-366299.6
23.9568920
