129085840
972.26588
-79931185979737
-7292733489256
-590143976436
2567238009
1225382518478
845330299
505774548020249
-704775668998209
7284.35677182
-8.9535825
-0988607259543
9655.198811
11889.6085
-1359.6616
-343457055
17199868293618
-764252588422
-4344669.6884
69528738526029
430535430477445
580281
-6318961
73396086845.40
02161.297210735
27326559166
-1085766654.79852
1.8421059611
96.652679
15429739655.54
-58432
-6514875.57
873961127
81213662108
4787349854613
182758.53984
2925867.069004
-993610
-57.78559499833
